9 X 9:

0 2 0 1 9 8 6 5 4
0 0 8 3 6 0 7 0 1
0 9 0 0 0 0 8 0 2
8 3 9 7 0 1 0 2 6
2 7 1 6 4 9 0 8 3
0 0 0 0 0 0 9 0 0
0 4 0 2 8 7 0 6 0
6 1 7 0 3 5 2 4 8
0 8 0 0 1 0 0 0 0

solve:
   7   2   3   1   9   8   6   5   4
   4   5   8   3   6   2   7   9   1
   1   9   6   5   7   4   8   3   2
   8   3   9   7   5   1   4   2   6
   2   7   1   6   4   9   5   8   3
   5   6   4   8   2   3   9   1   7
   3   4   5   2   8   7   1   6   9
   6   1   7   9   3   5   2   4   8
   9   8   2   4   1   6   3   7   5


4 X 4:

0 2 3 0
3 0 1 0
0 0 4 0
4 0 0 1

solve:
  1  2  3  4
  3  4  1  2
  2  1  4  3
  4  3  2  1